### TanQ

1 479 63 17.91 373 25.84

2 1213 263 45.37 561 26.05

3 1504 120 23.58 566 25.84

4 1892 207 35.26 570 25.73

Device ID(s): 5 1898 262 45.24 574 25.73
2023-05-31 03:46:33.589181 6 2530 376 76.43 764 25.84 5 1898 262 45.24 574 25.73
2023-05-31 03:46:34.011333 7 2961 620 217.12 768 25.95 5 1898 262 45.24 574 25.73
2023-05-31 03:46:34.546952 8 3485 62 17.75 958 26.05 5 1898 262 45.24 574 25.73
2023-05-31 03:46:34.593867 9 3536 96 21.67 962 25.41 5 1898 262 45.24 574 25.73
2023-05-31 03:46:34.719420 10 3667 92 21.32 966 26.05 5 1898 262 45.24 574 25.73
2023-05-31 03:46:34.891256 11 3842 56 16.76 970 25.73 5 1898 262 45.24 574 25.73
2023-05-31 03:46:35.830814 12 4778 96 21.67 1158 26.05 5 1898 262 45.24 574 25.73
2023-05-31 03:46:35.987026 13 4938 153 26.90 1162 25.84 5 1898 262 45.24 574 25.73
2023-05-31 03:46:36.426807 14 5375 120 23.58 1350 26.05 5 1898 262 45.24 574 25.73
2023-05-31 03:46:37.541449 15 6486 1023 2152.99 1540 26.05 5 1898 262 45.24 574 25.73
2023-05-31 03:46:37.933247 16 6889 156 27.28 1545 25.95 5 1898 262 45.24 574 25.73
2023-05-31 03:46:37.980177 17 6903 103 22.23 1549 25.84 5 1898 262 45.24 574 25.73
2023-05-31 03:46:38.245673 18 6987 140 25.42 1553 26.05 5 1898 262 45.24 574 25.73
2023-05-31 03:46:38.292538 19 7241 63 17.91 1742 26.05 5 1898 262 45.24 574 25.73
2023-05-31 03:46:38.497317 20 7445 198 33.69 1747 25.95 5 1898 262 45.24 574 25.73
2023-05-31 03:46:38.943445 21 7878 79 20.03 1751 26.05 5 1898 262 45.24 574 25.73
2023-05-31 03:46:40.034634 22 8976 173 29.64 1939 26.05 5 1898 262 45.24 574 25.73
2023-05-31 03:46:40.362676 23 9310 249 42.85 2128 26.05 5 1898 262 45.24 574 25.73
2023-05-31 03:46:41.004598 24 9950 224 38.29 2133 26.05 5 1898 262 45.24 574 25.73
2023-05-31 03:46:42.402287 25 11335 48 15.29 2507 26.05 5 1898 262 45.24 574 25.73
2023-05-31 03:46:42.449151 26 11394 62 17.75 2511 26.05 5 1898 262 45.24 574 25.73
2023-05-31 03:46:43.248565 27 12191 325 59.05 2700 25.84 5 1898 262 45.24 574 25.73
2023-05-31 03:46:43.498511 28 12439 112 22.94 2705 25.84 5 1898 262 45.24 574 25.73
2023-05-31 03:46:43.592239 29 12524 83 20.46 2710 25.95 5 1898 262 45.24 574 25.73
2023-05-31 03:46:43.701927 30 12633 96 21.67 2714 25.73 5 1898 262 45.24 574 25.73
2023-05-31 03:46:43.875757 31 12821 71 19.06 2718 26.05 5 1898 262 45.24 574 25.73
2023-05-31 03:46:44.548899 32 13494 99 21.91 2906 25.84 5 1898 262 45.24 574 25.73
2023-05-31 03:46:44.911722 33 13851 53 16.22 2910 25.84 5 1898 262 45.24 574 25.73
2023-05-31 03:46:45.708736 34 14638 76 19.69 3098 26.05 5 1898 262 45.24 574 25.73
2023-05-31 03:46:46.364370 35 15293 51 15.86 3286 26.05 5 1898 262 45.24 574 25.73
2023-05-31 03:46:46.446759 36 15375 51 15.86 3290 26.05 5 1898 262 45.24 574 25.73
2023-05-31 03:46:46.618605 37 15549 110 22.78 3294 25.84 5 1898 262 45.24 574 25.73
2023-05-31 03:46:46.727947 38 15659 176 30.09 3298 25.84 5 1898 262 45.24 574 25.73
2023-05-31 03:46:47.426375 39 16354 335 61.77 3487 25.63 5 1898 262 45.24 574 25.73
2023-05-31 03:46:47.887901 40 16827 145 25.96 3491 25.73 5 1898 262 45.24 574 25.73
2023-05-31 03:46:48.970724 41 17907 83 20.46 3680 25.84 5 1898 262 45.24 574 25.73
2023-05-31 03:46:49.616240 42 18548 188 32.01 3868 26.05 5 1898 262 45.24 574 25.73
2023-05-31 03:46:49.788141 43 18726 952 1801.44 3872 25.52 5 1898 262 45.24 574 25.73
2023-05-31 03:46:50.666586 44 19598 307 54.48 4064 26.05 5 1898 262 45.24 574 25.73
2023-05-31 03:46:50.791519 45 19721 77 19.81 4068 25.73 5 1898 262 45.24 574 25.73
2023-05-31 03:46:52.281526 46 21219 57 16.93 4440 25.84 5 1898 262 45.24 574 25.73
2023-05-31 03:46:52.437703 47 21375 71 19.06 4445 25.63 5 1898 262 45.24 574 25.73
2023-05-31 03:46:52.937890 48 21884 135 24.92 4450 26.05 5 1898 262 45.24 574 25.73
2023-05-31 03:46:52.984832 49 21903 115 23.18 4455 26.05 5 1898 262 45.24 574 25.73
2023-05-31 03:46:53.689892 50 22627 96 21.67 4644 25.84 5 1898 262 45.24 574 25.73
2023-05-31 03:46:55.024556 51 23958 62 17.75 4833 26.05 5 1898 262 45.24 574 25.73
2023-05-31 03:46:55.602807 52 24546 63 17.91 5022 25.84 5 1898 262 45.24 574 25.73
2023-05-31 03:46:55.649738 53 24584 51 15.86 5027 26.05 5 1898 262 45.24 574 25.73
2023-05-31 03:46:55.964348 54 24894 348 65.64 5031 25.84 5 1898 262 45.24 574 25.73
2023-05-31 03:46:56.466546 55 25415 88 20.96 5221 26.05 5 1898 262 45.24 574 25.73
2023-05-31 03:46:56.513473 56 25429 147 26.19 5225 26.05 5 1898 262 45.24 574 25.73
2023-05-31 03:46:57.797919 57 26720 224 38.29 5415 26.05 5 1898 262 45.24 574 25.73
2023-05-31 03:46:58.347012 58 27275 147 26.19 5605 26.05 5 1898 262 45.24 574 25.73
2023-05-31 03:46:59.884053 59 28811 112 22.94 5794 26.05 5 1898 262 45.24 574 25.73
2023-05-31 03:47:00.731363 60 29651 126 24.09 5983 25.63 5 1898 262 45.24 574 25.73
2023-05-31 03:47:01.420996 61 30353 48 15.29 6173 25.73 5 1898 262 45.24 574 25.73
2023-05-31 03:47:01.751415 62 30668 112 22.94 6177 25.52 5 1898 262 45.24 574 25.73
2023-05-31 03:47:01.845142 63 30768 286 49.78 6182 26.05 5 1898 262 45.24 574 25.73
2023-05-31 03:47:01.970113 64 30893 88 20.96 6187 26.05 5 1898 262 45.24 574 25.73
2023-05-31 03:47:02.504674 65 31454 736 412.77 6376 25.73 5 1898 262 45.24 574 25.73
2023-05-31 03:47:02.707722 66 31641 59 17.27 6380 25.95 5 1898 262 45.24 574 25.73
2023-05-31 03:47:02.754790 67 31681 143 25.74 6385 25.73 5 1898 262 45.24 574 25.73
2023-05-31 03:47:03.787351 68 32712 348 65.64 6574 26.05 5 1898 262 45.24 574 25.73
2023-05-31 03:47:03.914627 69 32843 71 19.06 6578 25.73 5 1898 262 45.24 574 25.73
2023-05-31 03:47:04.541984 70 33461 50 15.67 6767 25.73 5 1898 262 45.24 574 25.73
2023-05-31 03:47:04.635680 71 33557 76 19.69 6771 26.05 5 1898 262 45.24 574 25.73
2023-05-31 03:47:04.791893 72 33715 71 19.06 6775 25.73 5 1898 262 45.24 574 25.73
2023-05-31 03:47:05.513222 73 34441 304 53.73 6964 25.73 5 1898 262 45.24 574 25.73
2023-05-31 03:47:05.794369 74 34711 352 66.89 6968 25.84 5 1898 262 45.24 574 25.73
2023-05-31 03:47:05.872476 75 34789 98 21.83 6972 26.05 5 1898 262 45.24 574 25.73
2023-05-31 03:47:06.296491 76 35219 293 51.29 7160 25.73 5 1898 262 45.24 574 25.73
2023-05-31 03:47:06.498253 77 35413 67 18.51 7164 26.27 5 1898 262 45.24 574 25.73
2023-05-31 03:47:07.050860 78 35973 291 50.97 7169 25.73 5 1898 262 45.24 574 25.73
2023-05-31 03:47:08.258636 79 36988 240 41.21 7359 25.95 5 1898 262 45.24 574 25.73
2023-05-31 03:47:08.414847 80 37340 69 18.79 7549 25.84 5 1898 262 45.24 574 25.73
2023-05-31 03:47:08.852423 81 37766 67 18.51 7554 25.52 5 1898 262 45.24 574 25.73
2023-05-31 03:47:09.620378 82 38540 158 27.53 7743 25.84 5 1898 262 45.24 574 25.73
2023-05-31 03:47:09.732110 83 38650 195 33.17 7747 25.84 5 1898 262 45.24 574 25.73
2023-05-31 03:47:09.888324 84 38803 49 15.48 7751 25.84 5 1898 262 45.24 574 25.73
2023-05-31 03:47:10.374751 85 39295 197 33.52 7939 26.05 5 1898 262 45.24 574 25.73
2023-05-31 03:47:10.530963 86 39467 83 20.46 7943 26.05 5 1898 262 45.24 574 25.73
2023-05-31 03:47:10.593567 87 39509 127 24.18 7947 25.41 5 1898 262 45.24 574 25.73
2023-05-31 03:47:12.366373 88 41298 89 21.05 8320 25.84 5 1898 262 45.24 574 25.73
2023-05-31 03:47:12.413314 89 41334 89 21.05 8324 25.84 5 1898 262 45.24 574 25.73
2023-05-31 03:47:13.040263 90 41961 216 36.85 8328 25.95 5 1898 262 45.24 574 25.73
2023-05-31 03:47:13.589436 91 42499 158 27.53 8517 26.05 5 1898 262 45.24 574 25.73
2023-05-31 03:47:13.714405 92 42634 71 19.06 8521 26.05 5 1898 262 45.24 574 25.73
2023-05-31 03:47:13.745750 93 42685 131 24.54 8526 26.05 5 1898 262 45.24 574 25.73
2023-05-31 03:47:13.808331 94 42705 636 231.85 8531 25.95 5 1898 262 45.24 574 25.73
2023-05-31 03:47:14.277063 95 42990 157 27.40 8535 25.84 5 1898 262 45.24 574 25.73
2023-05-31 03:47:14.339549 96 43278 115 23.18 8726 26.05 5 1898 262 45.24 574 25.73
2023-05-31 03:47:14.402041 97 43302 62 17.75 8731 25.84 5 1898 262 45.24 574 25.73
2023-05-31 03:47:14.562821 98 43471 255 43.96 8736 26.05 5 1898 262 45.24 574 25.73
2023-05-31 03:47:14.718990 99 43632 76 19.69 8740 26.05 5 1898 262 45.24 574 25.73
2023-05-31 03:47:14.843961 100 43756 63 17.91 8744 25.73 5 1898 262 45.24 574 25.73
2023-05-31 03:47:15.689277 101 44624 101 22.08 8934 26.05 5 1898 262 45.24 574 25.73
2023-05-31 03:47:15.767352 102 44680 56 16.76 8938 25.84 5 1898 262 45.24 574 25.73
2023-05-31 03:47:17.625312 103 46530 77 19.81 9313 26.05 5 1898 262 45.24 574 25.73
2023-05-31 03:47:18.794410 104 47724 152 26.78 9502 26.05 5 1898 262 45.24 574 25.73
2023-05-31 03:47:18.856861 105 47769 60 17.43 9506 26.27 5 1898 262 45.24 574 25.73
2023-05-31 03:47:18.950589 106 47886 152 26.78 9511 26.05 5 1898 262 45.24 574 25.73
2023-05-31 03:47:19.059938 107 47973 56 16.76 9515 25.84 5 1898 262 45.24 574 25.73
2023-05-31 03:47:19.282104 108 48212 199 33.86 9704 25.73 5 1898 262 45.24 574 25.73
2023-05-31 03:47:19.764325 109 48690 147 26.19 9708 26.05 5 1898 262 45.24 574 25.73
2023-05-31 03:47:19.954000 110 48884 304 53.73 9713 26.16 5 1898 262 45.24 574 25.73
2023-05-31 03:47:20.816111 111 49716 556 174.47 9903 25.63 5 1898 262 45.24 574 25.73
2023-05-31 03:47:21.490764 112 50428 57 16.93 10092 25.95 5 1898 262 45.24 574 25.73
2023-05-31 03:47:22.637022 113 51548 231 39.55 10282 25.95 5 1898 262 45.24 574 25.73
2023-05-31 03:47:22.699487 114 51605 435 104.92 10287 26.05 5 1898 262 45.24 574 25.73
2023-05-31 03:47:22.793236 115 51698 240 41.21 10291 26.05 5 1898 262 45.24 574 25.73
2023-05-31 03:47:23.045531 116 51976 51 15.86 10296 25.84 5 1898 262 45.24 574 25.73
2023-05-31 03:47:23.373578 117 52304 99 21.91 10485 26.05 5 1898 262 45.24 574 25.73
2023-05-31 03:47:23.888550 118 52786 508 144.95 10489 25.63 5 1898 262 45.24 574 25.73
2023-05-31 03:47:23.987106 119 52885 127 24.18 10494 25.95 5 1898 262 45.24 574 25.73
2023-05-31 03:47:24.031434 120 52944 220 37.58 10499 26.05 5 1898 262 45.24 574 25.73
2023-05-31 03:47:24.328172 121 53255 71 19.06 10688 25.84 5 1898 262 45.24 574 25.73
2023-05-31 03:47:24.523342 122 53445 76 19.69 10693 25.95 5 1898 262 45.24 574 25.73
2023-05-31 03:47:24.676400 123 53579 134 24.82 10697 26.05 5 1898 262 45.24 574 25.73
2023-05-31 03:47:25.740453 124 54639 216 36.85 10887 26.05 5 1898 262 45.24 574 25.73
2023-05-31 03:47:25.834141 125 54769 67 18.51 10891 26.05 5 1898 262 45.24 574 25.73
2023-05-31 03:47:25.943547 126 54829 113 23.02 10896 26.05 5 1898 262 45.24 574 25.73
2023-05-31 03:47:25.959153 127 54866 376 76.43 10901 25.95 5 1898 262 45.24 574 25.73
2023-05-31 03:47:26.555133 128 55486 56 16.76 11091 25.84 5 1898 262 45.24 574 25.73
2023-05-31 03:47:26.745112 129 55674 63 17.91 11096 25.52 5 1898 262 45.24 574 25.73
2023-05-31 03:47:27.542181 130 56472 67 18.51 11286 26.27 5 1898 262 45.24 574 25.73
2023-05-31 03:47:28.468576 131 57370 147 26.19 11476 25.73 5 1898 262 45.24 574 25.73
2023-05-31 03:47:29.254144 132 57991 71 19.06 11481 26.05 5 1898 262 45.24 574 25.73
2023-05-31 03:47:29.441182 133 58348 115 23.18 11671 25.73 5 1898 262 45.24 574 25.73
2023-05-31 03:47:29.581793 134 58481 432 101.61 11676 25.73 5 1898 262 45.24 574 25.73
2023-05-31 03:47:29.675462 135 58601 60 17.43 11680 26.05 5 1898 262 45.24 574 25.73
2023-05-31 03:47:29.928957 136 58826 583 201.26 11685 25.73 5 1898 262 45.24 574 25.73
2023-05-31 03:47:30.053929 137 58953 184 31.36 11690 25.95 5 1898 262 45.24 574 25.73
2023-05-31 03:47:30.430394 138 59327 121 23.66 11879 26.05 5 1898 262 45.24 574 25.73
2023-05-31 03:47:30.711516 139 59637 62 17.75 11884 26.05 5 1898 262 45.24 574 25.73
2023-05-31 03:47:31.057478 140 59965 103 22.23 11889 26.27 5 1898 262 45.24 574 25.73
2023-05-31 03:47:31.369912 141 60268 206 35.07 12078 25.73 5 1898 262 45.24 574 25.73
2023-05-31 03:47:31.854579 142 60759 135 24.92 12082 26.05 5 1898 262 45.24 574 25.73
2023-05-31 03:47:32.014326 143 60914 241 41.39 12087 26.05 5 1898 262 45.24 574 25.73
2023-05-31 03:47:32.342372 144 61248 384 80.08 12277 26.05 5 1898 262 45.24 574 25.73
2023-05-31 03:47:35.007652 145 63935 63 17.91 12654 25.95 5 1898 262 45.24 574 25.73
2023-05-31 03:47:35.258022 146 63989 71 19.06 12659 26.05 5 1898 262 45.24 574 25.73
2023-05-31 03:47:35.932095 147 64821 451 113.08 12848 25.52 5 1898 262 45.24 574 25.73
2023-05-31 03:47:36.404168 148 65322 88 20.96 13040 26.05 5 1898 262 45.24 574 25.73
2023-05-31 03:47:36.451078 149 65354 224 38.29 13044 25.84 5 1898 262 45.24 574 25.73
2023-05-31 03:47:36.706126 150 65575 135 24.92 13049 25.73 5 1898 262 45.24 574 25.73
2023-05-31 03:47:36.730958 151 65620 167 28.76 13054 26.05 5 1898 262 45.24 574 25.73
2023-05-31 03:47:36.905217 152 65807 135 24.92 13059 25.52 5 1898 262 45.24 574 25.73
2023-05-31 03:47:37.358449 153 66281 56 16.76 13249 26.05 5 1898 262 45.24 574 25.73
2023-05-31 03:47:37.420998 154 66301 103 22.23 13254 26.05 5 1898 262 45.24 574 25.73
2023-05-31 03:47:37.577219 155 66476 252 43.42 13259 26.05 5 1898 262 45.24 574 25.73
2023-05-31 03:47:37.860723 156 66788 96 21.67 13264 25.73 5 1898 262 45.24 574 25.73
2023-05-31 03:47:38.016974 157 66917 106 22.47 13269 25.95 5 1898 262 45.24 574 25.73
2023-05-31 03:47:38.412047 158 67312 158 27.53 13458 26.27 5 1898 262 45.24 574 25.73
2023-05-31 03:47:38.740040 159 67666 97 21.75 13462 25.84 5 1898 262 45.24 574 25.73
2023-05-31 03:47:38.844573 160 67757 49 15.48 13466 26.05 5 1898 262 45.24 574 25.73
2023-05-31 03:47:38.865484 161 67763 56 16.76 13470 26.05 5 1898 262 45.24 574 25.73
2023-05-31 03:47:39.006115 162 67892 467 121.56 13475 25.84 5 1898 262 45.24 574 25.73
2023-05-31 03:47:39.374071 163 68285 92 21.32 13667 25.84 5 1898 262 45.24 574 25.73
2023-05-31 03:47:39.759439 164 68655 497 142.37 13671 25.84 5 1898 262 45.24 574 25.73
2023-05-31 03:47:40.405428 165 69262 127 24.18 13859 26.05 5 1898 262 45.24 574 25.73
2023-05-31 03:47:40.430751 166 69316 135 24.92 13864 25.95 5 1898 262 45.24 574 25.73
2023-05-31 03:47:40.635902 167 69533 143 25.74 13869 25.95 5 1898 262 45.24 574 25.73
2023-05-31 03:47:40.729625 168 69613 105 22.39 13874 26.05 5 1898 262 45.24 574 25.73
2023-05-31 03:47:40.760904 169 69640 56 16.76 13878 26.05 5 1898 262 45.24 574 25.73
2023-05-31 03:47:41.294323 170 70210 57 16.93 14067 25.73 5 1898 262 45.24 574 25.73
2023-05-31 03:47:41.450603 171 70346 354 67.99 14072 26.05 5 1898 262 45.24 574 25.73
2023-05-31 03:47:42.629510 172 71517 159 27.66 14262 25.73 5 1898 262 45.24 574 25.73
2023-05-31 03:47:42.660747 173 71553 313 56.02 14266 26.05 5 1898 262 45.24 574 25.73
2023-05-31 03:47:44.415080 174 73305 334 61.44 14642 25.73 5 1898 262 45.24 574 25.73
2023-05-31 03:47:45.857295 175 74772 63 17.91 14833 25.84 5 1898 262 45.24 574 25.73
2023-05-31 03:47:46.330508 176 75211 553 176.67 15022 25.84 5 1898 262 45.24 574 25.73
2023-05-31 03:47:46.580456 177 75471 364 71.71 15027 26.05 5 1898 262 45.24 574 25.73
2023-05-31 03:47:46.957719 178 75845 280 48.67 15032 25.73 5 1898 262 45.24 574 25.73
2023-05-31 03:47:47.582902 179 76489 56 16.76 15222 26.05 5 1898 262 45.24 574 25.73
2023-05-31 03:47:48.790706 180 77680 152 26.78 15411 26.05 5 1898 262 45.24 574 25.73
2023-05-31 03:47:49.449269 181 78353 66 18.36 15601 26.05 5 1898 262 45.24 574 25.73
2023-05-31 03:47:49.970546 182 78873 56 16.76 15606 26.05 5 1898 262 45.24 574 25.73
2023-05-31 03:47:50.014335 183 78880 146 26.08 15611 25.84 5 1898 262 45.24 574 25.73
2023-05-31 03:47:50.373520 184 79253 368 72.93 15801 26.05 5 1898 262 45.24 574 25.73
2023-05-31 03:47:50.735165 185 79653 97 21.75 15806 26.27 5 1898 262 45.24 574 25.73
2023-05-31 03:47:50.875719 186 79786 71 19.06 15810 25.73 5 1898 262 45.24 574 25.73
2023-05-31 03:47:51.942847 187 80798 184 31.36 15999 25.95 5 1898 262 45.24 574 25.73
2023-05-31 03:47:51.974128 188 80855 590 200.72 16003 26.16 5 1898 262 45.24 574 25.73
2023-05-31 03:47:52.318052 189 80985 127 24.18 16008 26.05 5 1898 262 45.24 574 25.73
2023-05-31 03:47:52.333675 190 81213 121 23.66 16200 26.05 5 1898 262 45.24 574 25.73
2023-05-31 03:47:52.821388 191 81735 51 15.86 16205 25.95 5 1898 262 45.24 574 25.73
2023-05-31 03:47:53.492367 192 82372 344 64.67 16394 26.05 5 1898 262 45.24 574 25.73
2023-05-31 03:47:54.028088 193 82916 220 37.58 16398 26.05 5 1898 262 45.24 574 25.73
2023-05-31 03:47:54.684399 194 83560 323 58.48 16587 25.73 5 1898 262 45.24 574 25.73
2023-05-31 03:47:54.719324 195 83579 124 23.92 16592 25.84 5 1898 262 45.24 574 25.73
2023-05-31 03:47:54.873825 196 83760 207 35.26 16597 25.84 5 1898 262 45.24 574 25.73
2023-05-31 03:47:55.092518 197 83969 115 23.18 16601 25.95 5 1898 262 45.24 574 25.73
2023-05-31 03:47:55.331282 198 84210 207 35.26 16791 26.05 5 1898 262 45.24 574 25.73
2023-05-31 03:47:55.424903 199 84328 79 20.03 16795 25.52 5 1898 262 45.24 574 25.73
2023-05-31 03:47:55.596737 200 84507 56 16.76 16799 26.05 5 1898 262 45.24 574 25.73
2023-05-31 03:47:55.861624 201 84732 371 73.82 16804 25.73 5 1898 262 45.24 574 25.73
2023-05-31 03:47:55.892859 202 84777 305 53.88 16808 26.05 5 1898 262 45.24 574 25.73
2023-05-31 03:47:55.970869 203 84879 51 15.86 16813 25.73 5 1898 262 45.24 574 25.73
2023-05-31 03:47:56.064597 204 84977 96 21.67 16817 26.05 5 1898 262 45.24 574 25.73
2023-05-31 03:47:56.394952 205 85283 339 62.98 17007 25.73 5 1898 262 45.24 574 25.73
2023-05-31 03:47:56.519822 206 85391 560 175.34 17011 26.05 5 1898 262 45.24 574 25.73
2023-05-31 03:47:56.551067 207 85433 152 26.78 17016 25.52 5 1898 262 45.24 574 25.73
2023-05-31 03:47:57.430680 208 86310 857 901.16 17205 25.73 5 1898 262 45.24 574 25.73
2023-05-31 03:47:58.839204 209 87716 167 28.76 17396 25.95 5 1898 262 45.24 574 25.73
2023-05-31 03:47:58.870449 210 87727 74 19.44 17401 26.05 5 1898 262 45.24 574 25.73
2023-05-31 03:47:58.980314 211 87853 174 29.79 17406 25.95 5 1898 262 45.24 574 25.73
2023-05-31 03:48:00.470331 212 89376 60 17.43 17780 25.95 5 1898 262 45.24 574 25.73
2023-05-31 03:48:00.532886 213 89401 138 25.22 17785 26.05 5 1898 262 45.24 574 25.73
2023-05-31 03:48:00.581906 214 89424 120 23.58 17790 26.27 5 1898 262 45.24 574 25.73
2023-05-31 03:48:00.613289 215 89487 476 129.76 17795 25.63 5 1898 262 45.24 574 25.73
2023-05-31 03:48:00.644535 216 89502 57 16.93 17800 26.05 5 1898 262 45.24 574 25.73
2023-05-31 03:48:01.333132 217 90214 348 65.64 17989 25.95 5 1898 262 45.24 574 25.73
2023-05-31 03:48:01.551768 218 90456 78 19.92 17993 25.95 5 1898 262 45.24 574 25.73
2023-05-31 03:48:02.916963 219 91817 57 16.93 18183 26.05 5 1898 262 45.24 574 25.73
2023-05-31 03:48:03.544172 220 92425 110 22.78 18372 25.84 5 1898 262 45.24 574 25.73
2023-05-31 03:48:03.921416 221 92795 736 412.77 18376 25.84 5 1898 262 45.24 574 25.73
2023-05-31 03:48:04.659104 222 93536 177 30.25 18568 25.84 5 1898 262 45.24 574 25.73
2023-05-31 03:48:04.831411 223 93713 124 23.92 18572 25.73 5 1898 262 45.24 574 25.73
2023-05-31 03:48:04.909534 224 93780 185 31.51 18577 25.63 5 1898 262 45.24 574 25.73
2023-05-31 03:48:05.676328 225 94572 71 19.06 18767 26.16 5 1898 262 45.24 574 25.73
2023-05-31 03:48:05.770113 226 94647 220 37.58 18772 26.05 5 1898 262 45.24 574 25.73
2023-05-31 03:48:06.523547 227 95418 88 20.96 18961 26.05 5 1898 262 45.24 574 25.73
2023-05-31 03:48:06.679757 228 95572 57 16.93 18965 26.05 5 1898 262 45.24 574 25.73
2023-05-31 03:48:07.369109 229 96243 135 24.92 19155 25.84 5 1898 262 45.24 574 25.73
2023-05-31 03:48:07.435893 230 96326 69 18.79 19160 26.27 5 1898 262 45.24 574 25.73
2023-05-31 03:48:07.638128 231 96536 81 20.25 19165 26.05 5 1898 262 45.24 574 25.73
2023-05-31 03:48:08.547793 232 97406 192 32.67 19355 26.05 5 1898 262 45.24 574 25.73
2023-05-31 03:48:08.563413 233 97420 83 20.46 19360 26.05 5 1898 262 45.24 574 25.73
2023-05-31 03:48:08.672763 234 97547 143 25.74 19365 26.05 5 1898 262 45.24 574 25.73
2023-05-31 03:48:09.692973 235 98562 211 35.96 19555 26.05 5 1898 262 45.24 574 25.73
2023-05-31 03:48:09.771080 236 98646 105 22.39 19559 26.05 5 1898 262 45.24 574 25.73
2023-05-31 03:48:10.396174 237 99262 281 48.90 19748 26.05 5 1898 262 45.24 574 25.73
2023-05-31 03:48:10.489905 238 99365 152 26.78 19753 26.05 5 1898 262 45.24 574 25.73
2023-05-31 03:48:10.806772 239 99669 152 26.78 19758 26.27 5 1898 262 45.24 574 25.73
2023-05-31 03:48:10.838013 240 99677 56 16.76 19763 25.95 5 1898 262 45.24 574 25.73
2023-05-31 03:48:10.869248 241 99684 646 271.78 19768 25.73 5 1898 262 45.24 574 25.73
2023-05-31 03:48:10.994226 242 99871 110 22.78 19792 26.05 5 1898 262 45.24 574 25.73
2023-05-31 03:48:11.386247 243 100260 595 212.63 19981 25.84 5 1898 262 45.24 574 25.73
2023-05-31 03:48:11.636186 244 100480 124 23.92 19986 25.84 5 1898 262 45.24 574 25.73
2023-05-31 03:48:11.674719 245 100536 295 51.75 19991 25.73 5 1898 262 45.24 574 25.73
2023-05-31 03:48:11.777011 246 100634 57 16.93 19996 26.05 5 1898 262 45.24 574 25.73
2023-05-31 03:48:11.808244 247 100678 71 19.06 20001 25.52 5 1898 262 45.24 574 25.73
2023-05-31 03:48:11.901976 248 100773 97 21.75 20006 26.05 5 1898 262 45.24 574 25.73
2023-05-31 03:48:12.449965 249 101318 99 21.91 20196 25.84 5 1898 262 45.24 574 25.73
2023-05-31 03:48:12.559322 250 101425 134 24.82 20201 26.05 5 1898 262 45.24 574 25.73
2023-05-31 03:48:12.737911 251 101599 312 55.68 20206 26.05 5 1898 262 45.24 574 25.73
2023-05-31 03:48:12.873924 252 101741 63 17.91 20211 26.05 5 1898 262 45.24 574 25.73
2023-05-31 03:48:12.905169 253 101768 152 26.78 20216 26.27 5 1898 262 45.24 574 25.73
2023-05-31 03:48:13.485630 254 102354 57 16.93 20406 25.73 5 1898 262 45.24 574 25.73
2023-05-31 03:48:13.943067 255 102816 120 23.58 20411 25.95 5 1898 262 45.24 574 25.73
2023-05-31 03:48:14.332692 256 103192 108 22.63 20601 25.73 5 1898 262 45.24 574 25.73
2023-05-31 03:48:14.394861 257 103261 158 27.53 20606 25.95 5 1898 262 45.24 574 25.73
2023-05-31 03:48:14.504219 258 103371 176 30.09 20611 26.05 5 1898 262 45.24 574 25.73
2023-05-31 03:48:14.785374 259 103656 432 101.61 20616 26.05 5 1898 262 45.24 574 25.73
2023-05-31 03:48:14.961779 260 103825 124 23.92 20621 26.05 5 1898 262 45.24 574 25.73
2023-05-31 03:48:14.993019 261 103851 96 21.67 20626 26.05 5 1898 262 45.24 574 25.73
2023-05-31 03:48:15.387339 262 104247 106 22.47 20816 25.73 5 1898 262 45.24 574 25.73
2023-05-31 03:48:15.695824 263 104560 135 24.92 20820 26.05 5 1898 262 45.24 574 25.73
2023-05-31 03:48:17.388375 264 106258 120 23.58 21195 26.27 5 1898 262 45.24 574 25.73
2023-05-31 03:48:17.578219 265 106443 83 20.46 21200 26.05 5 1898 262 45.24 574 25.73
2023-05-31 03:48:17.656295 266 106527 348 65.64 21205 25.84 5 1898 262 45.24 574 25.73
2023-05-31 03:48:17.812537 267 106672 97 21.75 21210 25.73 5 1898 262 45.24 574 25.73
2023-05-31 03:48:18.585975 268 107444 88 20.96 21400 26.27 5 1898 262 45.24 574 25.73
2023-05-31 03:48:18.801662 269 107674 63 17.91 21405 26.05 5 1898 262 45.24 574 25.73
2023-05-31 03:48:19.035995 270 107899 60 17.43 21410 26.05 5 1898 262 45.24 574 25.73
2023-05-31 03:48:19.523619 271 108372 198 33.69 21599 26.27 5 1898 262 45.24 574 25.73
2023-05-31 03:48:19.539341 272 108385 67 18.51 21604 25.84 5 1898 262 45.24 574 25.73
2023-05-31 03:48:19.962660 273 108819 120 23.58 21609 26.05 5 1898 262 45.24 574 25.73
2023-05-31 03:48:20.322502 274 108997 167 28.76 21614 25.73 5 1898 262 45.24 574 25.73
2023-05-31 03:48:20.634911 275 109501 511 149.39 21804 25.52 5 1898 262 45.24 574 25.73
2023-05-31 03:48:20.710099 276 109565 473 126.29 21809 26.05 5 1898 262 45.24 574 25.73
2023-05-31 03:48:21.388392 277 110254 176 30.09 22001 26.05 5 1898 262 45.24 574 25.73
2023-05-31 03:48:21.669597 278 110539 56 16.76 22006 26.05 5 1898 262 45.24 574 25.73
2023-05-31 03:48:22.392084 279 111226 376 76.43 22195 26.05 5 1898 262 45.24 574 25.73
2023-05-31 03:48:22.423419 280 111279 467 121.56 22200 25.84 5 1898 262 45.24 574 25.73
2023-05-31 03:48:22.563915 281 111422 441 109.77 22205 26.05 5 1898 262 45.24 574 25.73
2023-05-31 03:48:22.989222 282 111854 153 26.90 22209 26.05 5 1898 262 45.24 574 25.73
2023-05-31 03:48:23.598897 283 112465 77 19.81 22399 25.84 5 1898 262 45.24 574 25.73
2023-05-31 03:48:24.885833 284 113753 166 28.62 22588 26.05 5 1898 262 45.24 574 25.73
2023-05-31 03:48:25.460638 285 114311 487 132.65 22778 26.05 5 1898 262 45.24 574 25.73
2023-05-31 03:48:25.621803 286 114488 92 21.32 22783 26.05 5 1898 262 45.24 574 25.73
2023-05-31 03:48:25.871738 287 114739 419 97.20 22787 26.05 5 1898 262 45.24 574 25.73
2023-05-31 03:48:27.486905 288 116343 143 25.74 23166 25.30 5 1898 262 45.24 574 25.73
2023-05-31 03:48:27.770450 289 116632 51 15.86 23171 26.05 5 1898 262 45.24 574 25.73
2023-05-31 03:48:27.879809 290 116731 355 68.30 23176 25.73 5 1898 262 45.24 574 25.73
2023-05-31 03:48:29.070732 291 117911 177 30.25 23366 25.84 5 1898 262 45.24 574 25.73
2023-05-31 03:48:29.086356 292 117951 56 16.76 23371 25.73 5 1898 262 45.24 574 25.73
2023-05-31 03:48:29.386397 293 118243 113 23.02 23560 26.05 5 1898 262 45.24 574 25.73
2023-05-31 03:48:29.495656 294 118350 972 1569.43 23565 25.73 5 1898 262 45.24 574 25.73
2023-05-31 03:48:29.998012 295 118851 159 27.66 23570 25.84 5 1898 262 45.24 574 25.73
2023-05-31 03:48:30.420399 296 119275 591 188.65 23760 25.41 5 1898 262 45.24 574 25.73
2023-05-31 03:48:31.674106 297 120533 62 17.75 23952 25.84 5 1898 262 45.24 574 25.73
2023-05-31 03:48:31.783461 298 120634 88 20.96 23957 26.05 5 1898 262 45.24 574 25.73
2023-05-31 03:48:32.065893 299 120918 99 21.91 23962 25.84 5 1898 262 45.24 574 25.73
2023-05-31 03:48:32.492166 300 121340 51 15.86 24152 26.27 5 1898 262 45.24 574 25.73
2023-05-31 03:48:32.523402 301 121346 63 17.91 24157 26.05 5 1898 262 45.24 574 25.73
2023-05-31 03:48:33.069481 302 121919 106 22.47 24162 25.73 5 1898 262 45.24 574 25.73
2023-05-31 03:48:33.493670 303 122342 192 32.67 24351 26.05 5 1898 262 45.24 574 25.73
2023-05-31 03:48:34.447849 304 123302 99 21.91 24541 25.63 5 1898 262 45.24 574 25.73
2023-05-31 03:48:35.342723 305 123989 60 17.43 24546 25.84 5 1898 262 45.24 574 25.73
2023-05-31 03:48:35.373873 306 124218 377 76.28 24736 25.84 5 1898 262 45.24 574 25.73
2023-05-31 03:48:35.766834 307 124618 49 15.48 24741 25.95 5 1898 262 45.24 574 25.73
2023-05-31 03:48:36.439854 308 125289 783 633.54 24931 25.84 5 1898 262 45.24 574 25.73
2023-05-31 03:48:36.549195 309 125402 782 590.73 24936 25.52 5 1898 262 45.24 574 25.73
2023-05-31 03:48:37.586029 310 126437 159 27.66 25128 26.05 5 1898 262 45.24 574 25.73
2023-05-31 03:48:37.712381 311 126557 71 19.06 25133 26.05 5 1898 262 45.24 574 25.73
2023-05-31 03:48:37.759356 312 126614 384 80.08 25138 25.73 5 1898 262 45.24 574 25.73
2023-05-31 03:48:38.666625 313 127518 194 33.00 25329 25.73 5 1898 262 45.24 574 25.73
2023-05-31 03:48:38.792919 314 127636 63 17.91 25334 26.05 5 1898 262 45.24 574 25.73
2023-05-31 03:48:38.824162 315 127673 50 15.67 25339 25.84 5 1898 262 45.24 574 25.73
2023-05-31 03:48:39.042859 316 127895 156 27.28 25344 26.05 5 1898 262 45.24 574 25.73
2023-05-31 03:48:40.361960 317 129213 195 33.17 25719 25.52 5 1898 262 45.24 574 25.73
2023-05-31 03:48:40.721244 318 129578 60 17.43 25724 26.05 5 1898 262 45.24 574 25.73
2023-05-31 03:48:40.974477 319 129830 65 18.22 25729 25.84 5 1898 262 45.24 574 25.73
2023-05-31 03:48:41.908654 320 130749 67 18.51 25918 26.05 5 1898 262 45.24 574 25.73
2023-05-31 03:48:42.699100 321 131551 71 19.06 26108 26.05 5 1898 262 45.24 574 25.73
2023-05-31 03:48:43.136840 322 131978 231 39.55 26113 26.16 5 1898 262 45.24 574 25.73
2023-05-31 03:48:43.371161 323 132226 79 20.03 26303 26.05 5 1898 262 45.24 574 25.73
2023-05-31 03:48:44.092913 324 132920 140 25.42 26308 25.73 5 1898 262 45.24 574 25.73
2023-05-31 03:48:44.124157 325 132966 159 27.66 26313 26.05 5 1898 262 45.24 574 25.73
2023-05-31 03:48:44.986852 326 133832 51 15.86 26503 25.63 5 1898 262 45.24 574 25.73
2023-05-31 03:48:45.049358 327 133892 441 109.77 26508 25.84 5 1898 262 45.24 574 25.73
2023-05-31 03:48:45.536516 328 134382 66 18.36 26700 26.05 5 1898 262 45.24 574 25.73
2023-05-31 03:48:46.036854 329 134883 76 19.69 26705 26.05 5 1898 262 45.24 574 25.73
2023-05-31 03:48:46.114958 330 134957 115 23.18 26710 26.05 5 1898 262 45.24 574 25.73
2023-05-31 03:48:46.823123 331 135671 448 112.41 26900 25.52 5 1898 262 45.24 574 25.73
2023-05-31 03:48:47.682793 332 136523 179 30.55 27092 26.05 5 1898 262 45.24 574 25.73
2023-05-31 03:48:48.750961 333 137594 135 24.92 27281 26.27 5 1898 262 45.24 574 25.73
2023-05-31 03:48:49.752868 334 138596 71 19.06 27471 26.05 5 1898 262 45.24 574 25.73
2023-05-31 03:48:49.879831 335 138724 147 26.19 27476 26.27 5 1898 262 45.24 574 25.73
2023-05-31 03:48:50.348582 336 138992 390 82.70 27481 26.05 5 1898 262 45.24 574 25.73
2023-05-31 03:48:50.413539 337 139250 231 39.55 27671 26.05 5 1898 262 45.24 574 25.73
2023-05-31 03:48:50.569845 338 139417 147 26.19 27676 25.73 5 1898 262 45.24 574 25.73
2023-05-31 03:48:51.541082 339 140390 48 15.29 27866 26.05 5 1898 262 45.24 574 25.73
2023-05-31 03:48:51.650431 340 140483 220 37.58 27871 26.05 5 1898 262 45.24 574 25.73
2023-05-31 03:48:51.791024 341 140628 141 25.53 27876 26.05 5 1898 262 45.24 574 25.73
2023-05-31 03:48:52.370352 342 141214 51 15.86 28066 26.05 5 1898 262 45.24 574 25.73
2023-05-31 03:48:52.591399 343 141429 67 18.51 28071 26.05 5 1898 262 45.24 574 25.73
2023-05-31 03:48:52.856961 344 141692 112 22.94 28076 26.05 5 1898 262 45.24 574 25.73
2023-05-31 03:48:53.689430 345 142527 120 23.58 28266 26.05 5 1898 262 45.24 574 25.73
2023-05-31 03:48:53.720674 346 142561 68 18.65 28271 25.84 5 1898 262 45.24 574 25.73
2023-05-31 03:48:54.001855 347 142842 371 73.82 28276 25.95 5 1898 262 45.24 574 25.73
2023-05-31 03:48:54.442648 348 143288 81 20.25 28467 25.63 5 1898 262 45.24 574 25.73
2023-05-31 03:48:54.848106 349 143690 192 32.67 28472 26.05 5 1898 262 45.24 574 25.73
2023-05-31 03:48:54.910591 350 143749 51 15.86 28477 26.05 5 1898 262 45.24 574 25.73
2023-05-31 03:48:54.988690 351 143820 271 46.93 28482 25.73 5 1898 262 45.24 574 25.73
2023-05-31 03:48:55.350385 352 143991 83 20.46 28487 25.84 5 1898 262 45.24 574 25.73
2023-05-31 03:48:55.428500 353 144267 135 24.92 28677 26.05 5 1898 262 45.24 574 25.73
2023-05-31 03:48:55.647189 354 144484 92 21.32 28682 26.05 5 1898 262 45.24 574 25.73
2023-05-31 03:48:55.979871 355 144824 58 17.10 28687 25.84 5 1898 262 45.24 574 25.73
2023-05-31 03:48:56.042363 356 144884 624 242.54 28692 25.41 5 1898 262 45.24 574 25.73
2023-05-31 03:48:56.779685 357 145623 568 189.84 28884 25.41 5 1898 262 45.24 574 25.73
2023-05-31 03:48:57.484214 358 146324 88 20.96 29076 25.73 5 1898 262 45.24 574 25.73
2023-05-31 03:48:57.892838 359 146729 142 25.64 29081 25.73 5 1898 262 45.24 574 25.73
2023-05-31 03:48:58.080287 360 146914 63 17.91 29086 26.05 5 1898 262 45.24 574 25.73
2023-05-31 03:48:58.424236 361 147263 185 31.51 29276 25.73 5 1898 262 45.24 574 25.73
2023-05-31 03:48:58.689788 362 147525 71 19.06 29281 26.05 5 1898 262 45.24 574 25.73
2023-05-31 03:48:58.814759 363 147648 121 23.66 29286 25.84 5 1898 262 45.24 574 25.73
2023-05-31 03:48:59.067065 364 147896 81 20.25 29291 26.05 5 1898 262 45.24 574 25.73
2023-05-31 03:48:59.586042 365 148407 56 16.76 29481 26.05 5 1898 262 45.24 574 25.73
2023-05-31 03:48:59.601660 366 148436 163 28.20 29486 25.73 5 1898 262 45.24 574 25.73
2023-05-31 03:49:00.102042 367 148934 83 20.46 29491 25.73 5 1898 262 45.24 574 25.73
2023-05-31 03:49:00.509439 368 149345 115 23.18 29681 25.73 5 1898 262 45.24 574 25.73
2023-05-31 03:49:00.946823 369 149783 49 15.48 29686 26.05 5 1898 262 45.24 574 25.73
2023-05-31 03:49:01.765699 370 150607 57 16.93 29876 26.05 5 1898 262 45.24 574 25.73
2023-05-31 03:49:01.906292 371 150747 158 27.53 29881 25.84 5 1898 262 45.24 574 25.73
2023-05-31 03:49:03.958354 372 152774 167 28.76 30256 26.05 5 1898 262 45.24 574 25.73
2023-05-31 03:49:03.973974 373 152803 158 27.53 30261 26.05 5 1898 262 45.24 574 25.73
2023-05-31 03:49:05.056631 374 153894 63 17.91 30451 26.05 5 1898 262 45.24 574 25.73
2023-05-31 03:49:05.386042 375 154212 262 45.24 30640 26.27 5 1898 262 45.24 574 25.73
2023-05-31 03:49:05.667215 376 154505 120 23.58 30645 26.05 5 1898 262 45.24 574 25.73
2023-05-31 03:49:05.757585 377 154580 280 48.67 30650 26.05 5 1898 262 45.24 574 25.73
2023-05-31 03:49:05.825030 378 154655 409 91.12 30655 26.05 5 1898 262 45.24 574 25.73
2023-05-31 03:49:06.407543 379 155229 391 82.35 30847 25.84 5 1898 262 45.24 574 25.73
2023-05-31 03:49:06.438786 380 155242 188 32.01 30852 25.84 5 1898 262 45.24 574 25.73
2023-05-31 03:49:06.579386 381 155412 408 90.57 30857 26.05 5 1898 262 45.24 574 25.73
2023-05-31 03:49:06.907978 382 155738 184 31.36 30862 26.05 5 1898 262 45.24 574 25.73
2023-05-31 03:49:07.427017 383 156259 248 42.69 31052 25.84 5 1898 262 45.24 574 25.73
2023-05-31 03:49:08.507807 384 157341 153 26.90 31242 26.05 5 1898 262 45.24 574 25.73
2023-05-31 03:49:08.601536 385 157423 177 30.25 31247 26.05 5 1898 262 45.24 574 25.73
2023-05-31 03:49:09.934152 386 158766 66 18.36 31436 26.05 5 1898 262 45.24 574 25.73
2023-05-31 03:49:10.090651 387 158921 384 80.08 31441 26.05 5 1898 262 45.24 574 25.73
2023-05-31 03:49:10.732333 388 159554 124 23.92 31632 25.95 5 1898 262 45.24 574 25.73
2023-05-31 03:49:10.810446 389 159614 56 16.76 31637 25.95 5 1898 262 45.24 574 25.73
2023-05-31 03:49:10.841703 390 159667 271 46.93 31642 25.73 5 1898 262 45.24 574 25.73
2023-05-31 03:49:11.515893 391 160337 399 87.30 31832 26.05 5 1898 262 45.24 574 25.73
2023-05-31 03:49:11.675360 392 160488 62 17.75 31837 26.05 5 1898 262 45.24 574 25.73
2023-05-31 03:49:11.690998 393 160511 319 57.64 31842 26.16 5 1898 262 45.24 574 25.73
2023-05-31 03:49:11.987787 394 160813 220 37.58 31847 26.05 5 1898 262 45.24 574 25.73
2023-05-31 03:49:12.125177 395 160944 63 17.91 31852 26.05 5 1898 262 45.24 574 25.73
2023-05-31 03:49:12.426106 396 161245 110 22.78 32042 26.05 5 1898 262 45.24 574 25.73
2023-05-31 03:49:12.504231 397 161332 206 35.07 32047 26.05 5 1898 262 45.24 574 25.73
2023-05-31 03:49:12.660055 398 161477 112 22.94 32052 26.27 5 1898 262 45.24 574 25.73
2023-05-31 03:49:12.741149 399 161574 76 19.69 32057 26.05 5 1898 262 45.24 574 25.73
2023-05-31 03:49:12.912989 400 161724 204 34.73 32062 26.05 5 1898 262 45.24 574 25.73
2023-05-31 03:49:12.928599 401 161756 387 81.05 32067 25.73 5 1898 262 45.24 574 25.73
2023-05-31 03:49:13.381909 402 162187 62 17.75 32258 26.05 5 1898 262 45.24 574 25.73
2023-05-31 03:49:13.397518 403 162231 56 16.76 32263 25.63 5 1898 262 45.24 574 25.73
2023-05-31 03:49:13.681331 404 162499 57 16.93 32268 26.05 5 1898 262 45.24 574 25.73
2023-05-31 03:49:13.792824 405 162616 207 35.26 32273 25.73 5 1898 262 45.24 574 25.73
2023-05-31 03:49:13.933400 406 162753 63 17.91 32278 25.95 5 1898 262 45.24 574 25.73
2023-05-31 03:49:15.077735 407 163896 93 21.41 32468 25.73 5 1898 262 45.24 574 25.73
2023-05-31 03:49:15.452964 408 164283 161 27.93 32657 25.95 5 1898 262 45.24 574 25.73
2023-05-31 03:49:15.811875 409 164627 167 28.76 32662 26.05 5 1898 262 45.24 574 25.73
2023-05-31 03:49:16.063651 410 164859 319 57.64 32667 26.05 5 1898 262 45.24 574 25.73
2023-05-31 03:49:16.079291 411 164907 102 22.15 32672 26.05 5 1898 262 45.24 574 25.73
2023-05-31 03:49:16.362537 412 164998 143 25.74 32677 25.73 5 1898 262 45.24 574 25.73
2023-05-31 03:49:16.675073 413 165489 67 18.51 32867 26.27 5 1898 262 45.24 574 25.73
2023-05-31 03:49:16.721931 414 165498 147 26.19 32872 26.05 5 1898 262 45.24 574 25.73
2023-05-31 03:49:16.753262 415 165573 63 17.91 32877 25.95 5 1898 262 45.24 574 25.73
